service_id,monday,tuesday,wednesday,thursday,friday,saturday,sunday,start_date,end_date
2027H-DJFNvM.0-Dimanche-70-NavM,0,0,0,0,0,0,1,20260920,20261101
2027H-DJF02-7-jours-70-02,1,1,1,1,1,1,1,20260920,20261101
2027H-PVS_ABC-Semaine-02-A,1,1,1,1,1,0,0,20261019,20261030
2027H-LAV_ABC-Semaine-02-A,1,1,1,1,1,0,0,20260928,20261016
SUB2627-SUB-PSJ-Semaine-21-1101100-356,1,1,0,1,1,0,0,20260910,20270702
2027H-DJF04-7-jours-70-04,1,1,1,1,1,1,1,20260920,20261101
SUB2627-SUB-VS-Semaine-43-39,1,1,1,1,1,0,0,20260910,20270702
SUB2627-SUB-VS-Semaine-43-34,1,1,1,1,1,0,0,20260910,20270702
SUB2627-SUB-VS-Semaine-43-33,1,1,1,1,1,0,0,20260910,20270702
SUB2627-SUB-PSJ-Semaine-21-356,1,1,1,1,1,0,0,20260910,20270702
AFF2627-PVS_21-Semaine-00-21,1,1,1,1,1,0,0,20261019,20261030
AFF2627-SAM_21-Samedi-00-21,0,0,0,0,0,1,0,20260919,20261031
AFF2627-LAV_21-Semaine-00-21,1,1,1,1,1,0,0,20260917,20261016
2027H-SAM_ABC-Samedi-61-A,0,0,0,0,0,1,0,20261003,20261031
2027H-SAM_ABC-Samedi-60-A,0,0,0,0,0,1,0,20260919,20260926
2027H-LAV_ABC-Semaine-01-A,1,1,1,1,1,0,0,20260917,20260925
2027H-DJF_ABC-7-jours-70-A,1,1,1,1,1,1,1,20260920,20261101
chouette:TimeTable:c6d07753-24d7-4075-80ea-40042b6e1071:LOC,0,0,0,0,0,0,1,20260920,20260927
chouette:TimeTable:465b5a70-8f62-44a7-98b1-01cafd3e8bf0:LOC,0,1,1,1,1,1,0,20261020,20261031
chouette:TimeTable:8b7a5208-27cb-4c36-b018-ce00da5fc232:LOC,0,0,0,0,0,0,1,20261004,20261101
chouette:TimeTable:e3e3d972-060b-40ac-afa1-d66612da7bb7:LOC,0,1,1,1,1,1,0,20260918,20260926
chouette:TimeTable:64ef3cfe-3d93-49a1-88f7-fba435ea3422:LOC,0,1,1,1,1,1,0,20260929,20261017
2027H-LAV_01-Semaine-01-01,1,1,1,1,1,0,0,20260917,20260925
2027H-LAV_01-Semaine-02-01,1,1,1,1,1,0,0,20260928,20261016
2027H-DJF01-7-jours-70-01,1,1,1,1,1,1,1,20260920,20261101
2027H-SAM_01-Samedi-60-01,0,0,0,0,0,1,0,20260919,20260926
2027H-SAM_01-Samedi-61-01,0,0,0,0,0,1,0,20261003,20261031
2027H-PVS_01-Semaine-02-01,1,1,1,1,1,0,0,20261019,20261030
chouette:TimeTable:7e1c0cc9-e761-4067-947f-20b69561c027:LOC,0,1,1,1,1,1,0,20260918,20260926
chouette:TimeTable:5db1b0cf-53f7-4f7b-b454-31b5e18e2f6d:LOC,0,1,1,1,1,1,0,20261020,20261031
chouette:TimeTable:57f3126b-b922-4703-8cd3-3c625d5fc1b8:LOC,0,1,1,1,1,1,0,20260929,20261017
chouette:TimeTable:6f02c251-bfee-4e43-b266-6fcfd7524ec3:LOC,0,0,0,0,0,0,1,20261004,20261101
chouette:TimeTable:f5cec89c-2a9d-48a8-957a-cb29433b7b2c:LOC,0,0,0,0,0,0,1,20260920,20260927
2027H-PVS_07-Semaine-02-07,1,1,1,1,1,0,0,20261019,20261030
2027H-LAV_07-Semaine-02-07,1,1,1,1,1,0,0,20260928,20261016
2027H-SAM_07-Samedi-61-07,0,0,0,0,0,1,0,20261003,20261031
2027H-SAM_07-Samedi-60-07,0,0,0,0,0,1,0,20260919,20260926
2027H-LAV_07-Semaine-01-07,1,1,1,1,1,0,0,20260917,20260925
2027H-SAM_02-Samedi-60-02,0,0,0,0,0,1,0,20260919,20260926
2027H-SAM_02-Samedi-61-02,0,0,0,0,0,1,0,20261003,20261031
2027H-PVS_02-Semaine-02-02,1,1,1,1,1,0,0,20261019,20261030
2027H-LAV_02-Semaine-01-02,1,1,1,1,1,0,0,20260917,20260925
2027H-LAV_02-Semaine-02-02,1,1,1,1,1,0,0,20260928,20261016
chouette:TimeTable:5af4ab33-73a0-4e64-9f06-6396e14272bb:LOC,0,1,1,1,1,1,0,20260929,20261017
chouette:TimeTable:1fbae6df-e8f0-4d1c-881a-a45f1d28a63f:LOC,0,1,1,1,1,1,0,20261020,20261031
chouette:TimeTable:ba789cb4-74fc-4b71-8f40-10b7ff70a315:LOC,0,0,0,0,0,0,1,20260920,20260927
chouette:TimeTable:d9b2327b-1749-40bc-85e1-9de03068bf40:LOC,0,1,1,1,1,1,0,20260918,20260926
chouette:TimeTable:cf0bf1e6-228c-4f83-a002-acd79af5bc72:LOC,0,0,0,0,0,0,1,20261004,20261101
2027H-SAM_20-Samedi-61-20,0,0,0,0,0,1,0,20261003,20261031
2027H-LAV_20-Semaine-02-20,1,1,1,1,1,0,0,20260928,20261016
2027H-LAV_20-Semaine-01-20,1,1,1,1,1,0,0,20260917,20260925
2027H-PVS_20-Semaine-02-20,1,1,1,1,1,0,0,20261019,20261030
2027H-SAM_20-Samedi-60-20,0,0,0,0,0,1,0,20260919,20260926
2027H-LAV_04-Semaine-02-04,1,1,1,1,1,0,0,20260928,20261016
2027H-SAM_04-Samedi-60-04,0,0,0,0,0,1,0,20260919,20260926
2027H-LAV_04-Semaine-01-04,1,1,1,1,1,0,0,20260917,20260925
2027H-SAM_04-Samedi-61-04,0,0,0,0,0,1,0,20261003,20261031
2027H-PVS_04-Semaine-02-04,1,1,1,1,1,0,0,20261019,20261030
chouette:TimeTable:e468bcda-11e0-442a-a5e6-8945f0b4664e:LOC,0,1,1,1,1,1,0,20260918,20260926
chouette:TimeTable:905a8cf9-988c-47a2-8596-5be094bd3bec:LOC,0,0,0,0,0,0,1,20261004,20261101
chouette:TimeTable:fcc3eeb2-7ae5-4175-b053-f9793f399162:LOC,0,1,1,1,1,1,0,20260929,20261017
chouette:TimeTable:62d0d167-e928-4d8e-8534-7ffb2bff1996:LOC,0,1,1,1,1,1,0,20261020,20261031
chouette:TimeTable:912673f8-d133-4f31-bb6c-44380d0202f0:LOC,0,0,0,0,0,0,1,20260920,20260927
2027H-SAM_05-Samedi-60-05,0,0,0,0,0,1,0,20260919,20260926
2027H-LAV_05-Semaine-01-05,1,1,1,1,1,0,0,20260917,20260925
2027H-LAV_05-Semaine-02-05,1,1,1,1,1,0,0,20260928,20261016
2027H-SAM_05-Samedi-61-05,0,0,0,0,0,1,0,20261003,20261031
2027H-PVS_05-Semaine-02-05,1,1,1,1,1,0,0,20261019,20261030
2027H-PVS_ABC-Semaine-02-B,1,1,1,1,1,0,0,20261019,20261030
2027H-SAM_ABC-Samedi-60-B,0,0,0,0,0,1,0,20260919,20260926
2027H-LAV_ABC-Semaine-02-B,1,1,1,1,1,0,0,20260928,20261016
2027H-DJF_ABC-7-jours-70-B,1,1,1,1,1,1,1,20260920,20261101
2027H-LAV_ABC-Semaine-01-B,1,1,1,1,1,0,0,20260917,20260925
chouette:TimeTable:63f8a407-1ffc-42ba-a6a6-f1a1ad2b2f24:LOC,0,0,0,0,0,0,1,20261004,20261101
2027H-SAM_ABC-Samedi-61-B,0,0,0,0,0,1,0,20261003,20261031
chouette:TimeTable:c9ad0b55-2d19-47dc-981f-55aa7e0c1b04:LOC,0,1,1,1,1,1,0,20261020,20261031
chouette:TimeTable:2c6a326a-c1a0-4472-9466-7661c3837cb6:LOC,0,1,1,1,1,1,0,20260929,20261017
chouette:TimeTable:2c919e46-8fd3-4a52-9f3f-f7ae8f037dc6:LOC,0,0,0,0,0,0,1,20260920,20260927
chouette:TimeTable:0725bfa4-6e5b-45d0-aca9-e402e2f092d9:LOC,0,1,1,1,1,1,0,20260918,20260926
AFF2627-SAM_23-Samedi-00-23,0,0,0,0,0,1,0,20260919,20261031
AFF2627-PVS_23-Semaine-00-23,1,1,1,1,1,0,0,20261019,20261030
AFF2627-LAV_23-Semaine-01-23,1,1,1,1,1,0,0,20260928,20261016
AFF2627-LAV_23-Semaine-00-23,1,1,1,1,1,0,0,20260917,20260925
2027H-LAV_ABC-Semaine-02-C,1,1,1,1,1,0,0,20260928,20261016
2027H-PVS_ABC-Semaine-02-C,1,1,1,1,1,0,0,20261019,20261030
2027H-SAM_ABC-Samedi-60-C,0,0,0,0,0,1,0,20260919,20260926
2027H-SAM_ABC-Samedi-61-C,0,0,0,0,0,1,0,20261003,20261031
2027H-LAV_ABC-Semaine-01-C,1,1,1,1,1,0,0,20260917,20260925
2027H-DJF_ABC-7-jours-70-C,1,1,1,1,1,1,1,20260920,20261101
chouette:TimeTable:42390866-a6d3-4e69-8e8c-a9b8941502a3:LOC,0,1,1,1,1,1,0,20260929,20261017
chouette:TimeTable:f40cfb14-ef22-4c96-8022-9edac71369bc:LOC,0,0,0,0,0,0,1,20260920,20260927
chouette:TimeTable:4b9a8e38-356f-4898-9f53-46a5ed875b16:LOC,0,0,0,0,0,0,1,20261004,20261101
chouette:TimeTable:3a509e56-3871-42f1-a1a2-7b3b9c1684c8:LOC,0,1,1,1,1,1,0,20261020,20261031
chouette:TimeTable:b0c2abb4-f234-4701-bcc0-0a44e717e9e8:LOC,0,1,1,1,1,1,0,20260918,20260926
2027H-LAV_11-Semaine-02-11,1,1,1,1,1,0,0,20260928,20261016
2027H-LAV_11-Semaine-01-11,1,1,1,1,1,0,0,20260917,20260925
2027H-PVS_11-Semaine-02-11,1,1,1,1,1,0,0,20261019,20261030
2027H-SAM_11-Samedi-60-11,0,0,0,0,0,1,0,20260919,20260926
2027H-SAM_11-Samedi-61-11,0,0,0,0,0,1,0,20261003,20261031
2027H-SAM_03-Samedi-60-03,0,0,0,0,0,1,0,20260919,20260926
2027H-LAV_03-Semaine-01-03,1,1,1,1,1,0,0,20260917,20260925
2027H-SAM_03-Samedi-61-03,0,0,0,0,0,1,0,20261003,20261031
2027H-PVS_03-Semaine-02-03,1,1,1,1,1,0,0,20261019,20261030
2027H-LAV_03-Semaine-02-03,1,1,1,1,1,0,0,20260928,20261016
chouette:TimeTable:737a3f80-450b-41e6-afba-de068718c049:LOC,0,0,0,0,0,0,1,20261004,20261101
chouette:TimeTable:d8a45f0d-3a22-4186-ae8f-7d597e1e1c65:LOC,0,1,1,1,1,1,0,20260918,20260926
chouette:TimeTable:b2abc493-e953-4fef-a884-03b4ebfc6506:LOC,0,0,0,0,0,0,1,20260920,20260927
2027H-DJF03-7-jours-70-03,1,1,1,1,1,1,1,20260920,20261101
2027H-LAV_03-Semaine-01-1101100-03,1,1,0,1,1,0,0,20260917,20260925
chouette:TimeTable:a4b055eb-9c48-45b9-b1fa-c4d12df4cb68:LOC,0,1,1,1,1,1,0,20260929,20261017
2027H-LAV_03-Semaine-02-1101100-03,1,1,0,1,1,0,0,20260928,20261016
chouette:TimeTable:9139dcc5-ee5d-4a69-b913-9b0826536e8c:LOC,0,1,1,1,1,1,0,20261020,20261031
2027H-PVS_10-Semaine-02-10,1,1,1,1,1,0,0,20261019,20261030
2027H-LAV_10-Semaine-01-10,1,1,1,1,1,0,0,20260917,20260925
2027H-SAM_10-Samedi-61-10,0,0,0,0,0,1,0,20261003,20261031
2027H-LAV_10-Semaine-02-10,1,1,1,1,1,0,0,20260928,20261016
2027H-SAM_10-Samedi-60-10,0,0,0,0,0,1,0,20260919,20260926
2027H-SAM_06-Samedi-61-06,0,0,0,0,0,1,0,20261003,20261031
2027H-SAM_06-Samedi-60-06,0,0,0,0,0,1,0,20260919,20260926
2027H-LAV_06-Semaine-02-06,1,1,1,1,1,0,0,20260928,20261016
2027H-LAV_06-Semaine-01-06,1,1,1,1,1,0,0,20260917,20260925
2027H-PVS_06-Semaine-02-06,1,1,1,1,1,0,0,20261019,20261030
2027H-SAM_08-Samedi-60-08,0,0,0,0,0,1,0,20260919,20260926
2027H-LAV_08-Semaine-01-08,1,1,1,1,1,0,0,20260917,20260925
2027H-PVS_08-Semaine-02-08,1,1,1,1,1,0,0,20261019,20261030
2027H-LAV_08-Semaine-02-08,1,1,1,1,1,0,0,20260928,20261016
2027H-SAM_08-Samedi-61-08,0,0,0,0,0,1,0,20261003,20261031
AFF2627-LAV_12-Semaine-02-12,1,1,1,1,1,0,0,20260917,20261016
AFF2627-PVS_12-Semaine-01-12,1,1,1,1,1,0,0,20261019,20261030
AFF2627-SAM_12-Samedi-00-12,0,0,0,0,0,1,0,20260919,20261031
AFF2627-PVS_25-Semaine-00-25,1,1,1,1,1,0,0,20261019,20261030
AFF2627-SAM_25-Samedi-00-25,0,0,0,0,0,1,0,20260919,20261031
AFF2627-LAV_25-Semaine-00-25,1,1,1,1,1,0,0,20260917,20261016
AFF2627-LAV_22-Semaine-00-22,1,1,1,1,1,0,0,20260917,20261016
AFF2627-PVS_22-Semaine-00-22,1,1,1,1,1,0,0,20261019,20261030
AFF2627-SAM_22-Samedi-00-22,0,0,0,0,0,1,0,20260919,20261031
2027H-SAM_09-Samedi-60-09,0,0,0,0,0,1,0,20260919,20260926
2027H-SAM_09-Samedi-61-09,0,0,0,0,0,1,0,20261003,20261031
2027H-LAV_09-Semaine-02-09,1,1,1,1,1,0,0,20260928,20261016
2027H-PVS_09-Semaine-02-09,1,1,1,1,1,0,0,20261019,20261030
2027H-LAV_09-Semaine-01-09,1,1,1,1,1,0,0,20260917,20260925
chouette:TimeTable:317f9efb-8759-4ecf-b59b-36a2372639e2:LOC,0,0,0,0,1,1,1,20260918,20261101
SUB2627-SUB-VS-Semaine-43-38,1,1,1,1,1,0,0,20260910,20270702
chouette:TimeTable:14288cf2-94bb-4685-99fe-869dbd7a4126:LOC,0,0,0,0,1,1,1,20260918,20261101
SUB2627-SUB-VS-Semaine-43-41,1,1,1,1,1,0,0,20260910,20270702
SUB2627-SUB-VS-Semaine-43-35,1,1,1,1,1,0,0,20260910,20270702
SUB2627-SUB-VS-Semaine-43-30,1,1,1,1,1,0,0,20260910,20270702
SUB2627-SUB-VS-Semaine-43-40,1,1,1,1,1,0,0,20260910,20270702
SUB2627-SUB-VS-Semaine-43-36,1,1,1,1,1,0,0,20260910,20270702
SUB2627-SUB-PSJ-Semaine-21-155,1,1,1,1,1,0,0,20260910,20270702
SUB2627-SUB-VS-Semaine-43-32,1,1,1,1,1,0,0,20260910,20270702
SUB2627-SUB-VS-Semaine-43-24,1,1,1,1,1,0,0,20260910,20270702
SUB2627-SUB-VS-Semaine-43-31,1,1,1,1,1,0,0,20260910,20270702
SUB2627-SUB-VS-Semaine-43-42,1,1,1,1,1,0,0,20260910,20270702
SUB2627-SUB-VS-Semaine-ESAT_BOUCHEMAINE-1111100-301,1,1,1,1,1,0,0,20260910,20270702
SUB2627-SUB-VS-Semaine-43-37,1,1,1,1,1,0,0,20260910,20270702
SUB2627-SUB-PSJ-Semaine-21-154,1,1,1,1,1,0,0,20260910,20270702
SUB2627-SUB-VS-Semaine-43-302,1,1,1,1,1,0,0,20260910,20270702
SUB2627-SUB-PSJ-Semaine-21-0010000-356,0,0,1,0,0,0,0,20260910,20270702
SUB2627-SUB-SAM-Samedi-30-41,0,0,0,0,0,1,0,20260910,20270702
SUB2627-SUB-PSJ-Semaine-21-41,1,1,1,1,1,0,0,20260910,20270702
SUB2627-SUB-PSJ-Semaine-21-35,1,1,1,1,1,0,0,20260910,20270702
SUB2627-SUB-PSJ-Semaine-21-1101100-35,1,1,0,1,1,0,0,20260910,20270702
SUB2627-SUB-SAM-Samedi-30-35,0,0,0,0,0,1,0,20260910,20270702
SUB2627-SUB-PSJ-Semaine-21-0010000-35,0,0,1,0,0,0,0,20260910,20270702
SUB2627-SUB-PSJ-Semaine-21-111,1,1,1,1,1,0,0,20260910,20270702
SUB2627-SUB-PSJ-Semaine-21-0000100-111,0,0,0,0,1,0,0,20260910,20270702
SUB2627-SUB-PSJ-Semaine-21-1101100-131,1,1,0,1,1,0,0,20260910,20270702
SUB2627-SUB-PSJ-Semaine-21-131,1,1,1,1,1,0,0,20260910,20270702
SUB2627-SUB-PSJ-Semaine-21-39,1,1,1,1,1,0,0,20260910,20270702
SUB2627-SUB-SAM-Samedi-30-39,0,0,0,0,0,1,0,20260910,20270702
SUB2627-SUB-PSJ-Semaine-21-0000100-39,0,0,0,0,1,0,0,20260910,20270702
SUB2627-SUB-PSJ-Semaine-21-0111100-39,0,1,1,1,1,0,0,20260910,20270702
SUB2627-SUB-PSJ-Semaine-21-40,1,1,1,1,1,0,0,20260910,20270702
SUB2627-SUB-PSJ-Semaine-21-172,1,1,1,1,1,0,0,20260910,20270702
SUB2627-SUB-PSJ-Semaine-21-1000000-39,1,0,0,0,0,0,0,20260910,20270702
SUB2627-SUB-PSJ-Semaine-21-1101100-145,1,1,0,1,1,0,0,20260910,20270702
SUB2627-SUB-PSJ-Semaine-21-0010000-145,0,0,1,0,0,0,0,20260910,20270702
SUB2627-SUB-PSJ-Semaine-21-145,1,1,1,1,1,0,0,20260910,20270702
SUB2627-SUB-PSJ-Semaine-21-34,1,1,1,1,1,0,0,20260910,20270702
SUB2627-SUB-SAM-Samedi-30-34,0,0,0,0,0,1,0,20260910,20270702
SUB2627-SUB-PSJ-Semaine-21-1101100-34,1,1,0,1,1,0,0,20260910,20270702
SUB2627-SUB-SAM-Samedi-30-33,0,0,0,0,0,1,0,20260910,20270702
SUB2627-SUB-PSJ-Semaine-21-33,1,1,1,1,1,0,0,20260910,20270702
SUB2627-SUB-PSJ-Semaine-21-0010000-33,0,0,1,0,0,0,0,20260910,20270702
SUB2627-SUB-PSJ-Semaine-21-1101100-33,1,1,0,1,1,0,0,20260910,20270702
SUB2627-SUB-PSJ-Semaine-21-30,1,1,1,1,1,0,0,20260910,20270702
SUB2627-SUB-SAM-Samedi-30-30,0,0,0,0,0,1,0,20260910,20270702
SUB2627-SUB-PSJ-Semaine-21-1101100-155,1,1,0,1,1,0,0,20260910,20270702
SUB2627-SUB-PSJ-Semaine-21-0010000-155,0,0,1,0,0,0,0,20260910,20270702
SUB2627-SUB-PSJ-Semaine-21-0010000-40,0,0,1,0,0,0,0,20260910,20270702
SUB2627-SUB-PSJ-Semaine-21-1101100-40,1,1,0,1,1,0,0,20260910,20270702
SUB2627-SUB-SAM-Samedi-30-40,0,0,0,0,0,1,0,20260910,20270702
SUB2627-SUB-PSJ-Semaine-21-36,1,1,1,1,1,0,0,20260910,20270702
SUB2627-SUB-SAM-Samedi-30-36,0,0,0,0,0,1,0,20260910,20270702
SUB2627-SUB-PSJ-Semaine-21-1101100-36,1,1,0,1,1,0,0,20260910,20270702
SUB2627-SUB-PSJ-Semaine-21-38,1,1,1,1,1,0,0,20260910,20270702
SUB2627-SUB-SAM-Samedi-30-38,0,0,0,0,0,1,0,20260910,20270702
SUB2627-SUB-PSJ-Semaine-21-0010000-140,0,0,1,0,0,0,0,20260910,20270702
SUB2627-SUB-PSJ-Semaine-21-140,1,1,1,1,1,0,0,20260910,20270702
SUB2627-SUB-PSJ-Semaine-21-1101100-140,1,1,0,1,1,0,0,20260910,20270702
SUB2627-SUB-PSJ-Semaine-21-32,1,1,1,1,1,0,0,20260910,20270702
SUB2627-SUB-SAM-Samedi-30-32,0,0,0,0,0,1,0,20260910,20270702
SUB2627-SUB-PSJ-Semaine-21-133,1,1,1,1,1,0,0,20260910,20270702
SUB2627-SUB-PSJ-Semaine-21-1101100-133,1,1,0,1,1,0,0,20260910,20270702
SUB2627-SUB-PSJ-Semaine-21-0010000-133,0,0,1,0,0,0,0,20260910,20270702
SUB2627-SUB-PSJ-Semaine-21-24,1,1,1,1,1,0,0,20260910,20270702
SUB2627-SUB-SAM-Samedi-30-24,0,0,0,0,0,1,0,20260910,20270702
SUB2627-SUB-PSJ-Semaine-21-0010000-24,0,0,1,0,0,0,0,20260910,20270702
SUB2627-SUB-PSJ-Semaine-21-0010000-210,0,0,1,0,0,0,0,20260910,20270702
SUB2627-SUB-PSJ-Semaine-21-210,1,1,1,1,1,0,0,20260910,20270702
SUB2627-SUB-PSJ-Semaine-21-1101100-210,1,1,0,1,1,0,0,20260910,20270702
SUB2627-SUB-PSJ-Semaine-21-31,1,1,1,1,1,0,0,20260910,20270702
SUB2627-SUB-SAM-Samedi-30-31,0,0,0,0,0,1,0,20260910,20270702
SUB2627-SUB-PSJ-Semaine-21-193,1,1,1,1,1,0,0,20260910,20270702
SUB2627-SUB-PSJ-Semaine-21-0010000-193,0,0,1,0,0,0,0,20260910,20270702
SUB2627-SUB-PSJ-Semaine-21-1101100-193,1,1,0,1,1,0,0,20260910,20270702
SUB2627-SUB-PSJ-Semaine-21-0010000-151,0,0,1,0,0,0,0,20260910,20270702
SUB2627-SUB-PSJ-Semaine-21-151,1,1,1,1,1,0,0,20260910,20270702
SUB2627-SUB-PSJ-Semaine-21-1101100-151,1,1,0,1,1,0,0,20260910,20270702
SUB2627-SUB-PSJ-Semaine-21-42,1,1,1,1,1,0,0,20260910,20270702
SUB2627-SUB-SAM-Samedi-30-42,0,0,0,0,0,1,0,20260910,20270702
SUB2627-SUB-PSJ-Semaine-21-1101100-42,1,1,0,1,1,0,0,20260910,20270702
SUB2627-SUB-PSJ-Semaine-21-0000100-176,0,0,0,0,1,0,0,20260910,20270702
SUB2627-SUB-PSJ-Semaine-21-0111100-176,0,1,1,1,1,0,0,20260910,20270702
SUB2627-SUB-PSJ-Semaine-21-0001100-176,0,0,0,1,1,0,0,20260910,20270702
SUB2627-SUB-PSJ-Semaine-21-1000000-176,1,0,0,0,0,0,0,20260910,20270702
SUB2627-SUB-PSJ-Semaine-21-176,1,1,1,1,1,0,0,20260910,20270702
SUB2627-SUB-PSJ-Semaine-21-1110000-176,1,1,1,0,0,0,0,20260910,20270702
SUB2627-SUB-PSJ-Semaine-21-1111000-176,1,1,1,1,0,0,0,20260910,20270702
SUB2627-SUB-PSJ_VS-Semaine-MFR_MEIGNANNE-1011000-220,1,0,1,1,0,0,0,20260910,20270702
SUB2627-SUB-PSJ_VS-Semaine-MFR_MEIGNANNE-1000000-220,1,0,0,0,0,0,0,20260910,20270702
SUB2627-SUB-PSJ-Semaine-21-1101100-152,1,1,0,1,1,0,0,20260910,20270702
SUB2627-SUB-PSJ-Semaine-21-142,1,1,1,1,1,0,0,20260910,20270702
SUB2627-SUB-PSJ_VS-Semaine-MFR_MEIGNANNE-0000100-220,0,0,0,0,1,0,0,20260910,20270702
SUB2627-SUB-PSJ_VS-Semaine-MFR_MEIGNANNE-0111100-220,0,1,1,1,1,0,0,20260910,20270702
SUB2627-SUB-PSJ_VS-Semaine-MFR_MEIGNANNE-0100000-220,0,1,0,0,0,0,0,20260910,20270702
SUB2627-SUB-PSJ-Semaine-21-0010000-134,0,0,1,0,0,0,0,20260910,20270702
SUB2627-SUB-PSJ-Semaine-21-134,1,1,1,1,1,0,0,20260910,20270702
SUB2627-SUB-PSJ-Semaine-21-1101100-134,1,1,0,1,1,0,0,20260910,20270702
SUB2627-SUB-PSJ-Semaine-21-1101100-153,1,1,0,1,1,0,0,20260910,20270702
SUB2627-SUB-PSJ-Semaine-21-153,1,1,1,1,1,0,0,20260910,20270702
SUB2627-SUB-PSJ-Semaine-21-0010000-153,0,0,1,0,0,0,0,20260910,20270702
SUB2627-SUB-PSJ-Semaine-21-1101100-213,1,1,0,1,1,0,0,20260910,20270702
SUB2627-SUB-PSJ-Semaine-21-213,1,1,1,1,1,0,0,20260910,20270702
SUB2627-SUB-PSJ-Semaine-ESAT_BOUCHEMAINE-1111100-301,1,1,1,1,1,0,0,20260910,20270702
SUB2627-SUB-PSJ-Semaine-21-0010000-141,0,0,1,0,0,0,0,20260910,20270702
SUB2627-SUB-PSJ-Semaine-21-1101100-141,1,1,0,1,1,0,0,20260910,20270702
SUB2627-SUB-PSJ-Semaine-21-141,1,1,1,1,1,0,0,20260910,20270702
SUB2627-SUB-PSJ-Semaine-21-147,1,1,1,1,1,0,0,20260910,20270702
SUB2627-SUB-PSJ-Semaine-21-1101100-142,1,1,0,1,1,0,0,20260910,20270702
SUB2627-SUB-PSJ-Semaine-21-0010000-221,0,0,1,0,0,0,0,20260910,20270702
SUB2627-SUB-PSJ-Semaine-21-1101100-221,1,1,0,1,1,0,0,20260910,20270702
SUB2627-SUB-PSJ-Semaine-21-221,1,1,1,1,1,0,0,20260910,20270702
SUB2627-SUB-PSJ-Semaine-21-212,1,1,1,1,1,0,0,20260910,20270702
SUB2627-SUB-PSJ-Semaine-21-1101100-154,1,1,0,1,1,0,0,20260910,20270702
SUB2627-SUB-PSJ-Semaine-21-0010000-154,0,0,1,0,0,0,0,20260910,20270702
SUB2627-SUB-PSJ-Semaine-21-173,1,1,1,1,1,0,0,20260910,20270702
SUB2627-SUB-PSJ-Semaine-21-0010000-173,0,0,1,0,0,0,0,20260910,20270702
SUB2627-SUB-PSJ-Semaine-21-1101100-173,1,1,0,1,1,0,0,20260910,20270702
SUB2627-SUB-SAM-Samedi-30-37,0,0,0,0,0,1,0,20260910,20270702
SUB2627-SUB-PSJ-Semaine-21-37,1,1,1,1,1,0,0,20260910,20270702
SUB2627-SUB-PSJ-Semaine-21-0001000-105,0,0,0,1,0,0,0,20260910,20270702
SUB2627-SUB-PSJ-Semaine-21-105,1,1,1,1,1,0,0,20260910,20270702
SUB2627-SUB-PSJ-Semaine-21-0010000-105,0,0,1,0,0,0,0,20260910,20270702
SUB2627-SUB-PSJ-Semaine-21-1100100-105,1,1,0,0,1,0,0,20260910,20270702
SUB2627-SUB-PSJ-Semaine-21-1101100-161,1,1,0,1,1,0,0,20260910,20270702
SUB2627-SUB-PSJ-Semaine-21-0010000-207,0,0,1,0,0,0,0,20260910,20270702
SUB2627-SUB-PSJ-Semaine-21-1111000-207,1,1,1,1,0,0,0,20260910,20270702
SUB2627-SUB-PSJ-Semaine-21-0000100-207,0,0,0,0,1,0,0,20260910,20270702
SUB2627-SUB-PSJ-Semaine-21-1101100-207,1,1,0,1,1,0,0,20260910,20270702
SUB2627-SUB-PSJ-Semaine-21-0010000-107,0,0,1,0,0,0,0,20260910,20270702
SUB2627-SUB-PSJ-Semaine-21-1100100-107,1,1,0,0,1,0,0,20260910,20270702
SUB2627-SUB-PSJ-Semaine-21-107,1,1,1,1,1,0,0,20260910,20270702
SUB2627-SUB-PSJ-Semaine-21-0001000-107,0,0,0,1,0,0,0,20260910,20270702
SUB2627-SUB-PSJ-Semaine-21-0000100-204,0,0,0,0,1,0,0,20260910,20270702
SUB2627-SUB-PSJ-Semaine-21-0010000-204,0,0,1,0,0,0,0,20260910,20270702
SUB2627-SUB-PSJ-Semaine-21-1101100-204,1,1,0,1,1,0,0,20260910,20270702
SUB2627-SUB-PSJ-Semaine-21-1111000-204,1,1,1,1,0,0,0,20260910,20270702
SUB2627-SUB-PSJ-Semaine-21-1100100-115,1,1,0,0,1,0,0,20260910,20270702
SUB2627-SUB-PSJ-Semaine-21-132,1,1,1,1,1,0,0,20260910,20270702
SUB2627-SUB-PSJ-Semaine-21-0001000-115,0,0,0,1,0,0,0,20260910,20270702
SUB2627-SUB-PSJ-Semaine-21-115,1,1,1,1,1,0,0,20260910,20270702
SUB2627-SUB-PSJ-Semaine-21-0010000-115,0,0,1,0,0,0,0,20260910,20270702
SUB2627-SUB-PSJ-Semaine-21-1101100-123,1,1,0,1,1,0,0,20260910,20270702
SUB2627-SUB-PSJ-Semaine-21-0010000-123,0,0,1,0,0,0,0,20260910,20270702
SUB2627-SUB-PSJ-Semaine-21-123,1,1,1,1,1,0,0,20260910,20270702
SUB2627-SUB-PSJ-Semaine-21-211,1,1,1,1,1,0,0,20260910,20270702
SUB2627-SUB-PSJ-Semaine-21-0010000-211,0,0,1,0,0,0,0,20260910,20270702
SUB2627-SUB-PSJ-Semaine-21-1101100-211,1,1,0,1,1,0,0,20260910,20270702
SUB2627-SUB-PSJ-Semaine-21-1101100-195,1,1,0,1,1,0,0,20260910,20270702
SUB2627-SUB-PSJ-Semaine-21-0010000-195,0,0,1,0,0,0,0,20260910,20270702
SUB2627-SUB-PSJ-Semaine-21-195,1,1,1,1,1,0,0,20260910,20270702
SUB2627-SUB-PSJ-Semaine-21-152,1,1,1,1,1,0,0,20260910,20270702
SUB2627-SUB-PSJ-Semaine-21-0010000-152,0,0,1,0,0,0,0,20260910,20270702
SUB2627-SUB-PSJ-Semaine-21-0010000-181,0,0,1,0,0,0,0,20260910,20270702
SUB2627-SUB-PSJ-Semaine-21-1101100-181,1,1,0,1,1,0,0,20260910,20270702
SUB2627-SUB-PSJ-Semaine-21-1111000-181,1,1,1,1,0,0,0,20260910,20270702
SUB2627-SUB-PSJ-Semaine-21-0000100-181,0,0,0,0,1,0,0,20260910,20270702
SUB2627-SUB-PSJ-Semaine-21-1101100-351,1,1,0,1,1,0,0,20260910,20270702
SUB2627-SUB-PSJ-Semaine-21-1111000-203,1,1,1,1,0,0,0,20260910,20270702
SUB2627-SUB-PSJ-Semaine-21-0000100-203,0,0,0,0,1,0,0,20260910,20270702
SUB2627-SUB-PSJ-Semaine-21-1101100-203,1,1,0,1,1,0,0,20260910,20270702
SUB2627-SUB-PSJ-Semaine-21-0010000-203,0,0,1,0,0,0,0,20260910,20270702
SUB2627-SUB-PSJ-Semaine-21-192,1,1,1,1,1,0,0,20260910,20270702
SUB2627-SUB-PSJ-Semaine-21-1101100-192,1,1,0,1,1,0,0,20260910,20270702
SUB2627-SUB-PSJ-Semaine-21-0010000-192,0,0,1,0,0,0,0,20260910,20270702
SUB2627-SUB-PSJ-Semaine-21-1101100-147,1,1,0,1,1,0,0,20260910,20270702
SUB2627-SUB-PSJ-Semaine-21-0010000-147,0,0,1,0,0,0,0,20260910,20270702
SUB2627-SUB-PSJ-Semaine-21-0010000-163,0,0,1,0,0,0,0,20260910,20270702
SUB2627-SUB-PSJ-Semaine-21-163,1,1,1,1,1,0,0,20260910,20270702
SUB2627-SUB-PSJ-Semaine-21-1101100-163,1,1,0,1,1,0,0,20260910,20270702
SUB2627-SUB-PSJ-Semaine-21-0010000-104,0,0,1,0,0,0,0,20260910,20270702
SUB2627-SUB-PSJ-Semaine-21-1100100-104,1,1,0,0,1,0,0,20260910,20270702
SUB2627-SUB-PSJ-Semaine-21-0001000-104,0,0,0,1,0,0,0,20260910,20270702
SUB2627-SUB-PSJ-Semaine-21-104,1,1,1,1,1,0,0,20260910,20270702
SUB2627-SUB-PSJ-Semaine-21-0001000-101,0,0,0,1,0,0,0,20260910,20270702
SUB2627-SUB-PSJ-Semaine-21-1100100-101,1,1,0,0,1,0,0,20260910,20270702
SUB2627-SUB-PSJ-Semaine-21-101,1,1,1,1,1,0,0,20260910,20270702
SUB2627-SUB-PSJ-Semaine-21-0010000-101,0,0,1,0,0,0,0,20260910,20270702
SUB2627-SUB-PSJ-Semaine-21-1111000-206,1,1,1,1,0,0,0,20260910,20270702
SUB2627-SUB-PSJ-Semaine-21-0000100-206,0,0,0,0,1,0,0,20260910,20270702
SUB2627-SUB-PSJ-Semaine-21-1101100-206,1,1,0,1,1,0,0,20260910,20270702
SUB2627-SUB-PSJ-Semaine-21-0010000-206,0,0,1,0,0,0,0,20260910,20270702
SUB2627-SUB-PSJ-Semaine-21-0001000-113,0,0,0,1,0,0,0,20260910,20270702
SUB2627-SUB-PSJ-Semaine-21-0010000-113,0,0,1,0,0,0,0,20260910,20270702
SUB2627-SUB-PSJ-Semaine-21-1100100-113,1,1,0,0,1,0,0,20260910,20270702
SUB2627-SUB-PSJ-Semaine-21-113,1,1,1,1,1,0,0,20260910,20270702
SUB2627-SUB-PSJ-Semaine-21-0001000-103,0,0,0,1,0,0,0,20260910,20270702
SUB2627-SUB-PSJ-Semaine-21-1100100-103,1,1,0,0,1,0,0,20260910,20270702
SUB2627-SUB-PSJ-Semaine-21-103,1,1,1,1,1,0,0,20260910,20270702
SUB2627-SUB-PSJ-Semaine-21-0010000-103,0,0,1,0,0,0,0,20260910,20270702
SUB2627-SUB-PSJ-Semaine-21-144,1,1,1,1,1,0,0,20260910,20270702
SUB2627-SUB-PSJ-Semaine-21-1101100-144,1,1,0,1,1,0,0,20260910,20270702
SUB2627-SUB-PSJ-Semaine-21-0010000-144,0,0,1,0,0,0,0,20260910,20270702
SUB2627-SUB-PSJ-Semaine-21-166,1,1,1,1,1,0,0,20260910,20270702
SUB2627-SUB-PSJ-Semaine-21-1101100-166,1,1,0,1,1,0,0,20260910,20270702
SUB2627-SUB-PSJ-Semaine-21-0010000-166,0,0,1,0,0,0,0,20260910,20270702
SUB2627-SUB-PSJ-Semaine-21-1101100-121,1,1,0,1,1,0,0,20260910,20270702
SUB2627-SUB-PSJ-Semaine-21-0010000-121,0,0,1,0,0,0,0,20260910,20270702
SUB2627-SUB-PSJ-Semaine-21-121,1,1,1,1,1,0,0,20260910,20270702
SUB2627-SUB-PSJ-Semaine-21-1100100-114,1,1,0,0,1,0,0,20260910,20270702
SUB2627-SUB-PSJ-Semaine-21-0010000-114,0,0,1,0,0,0,0,20260910,20270702
SUB2627-SUB-PSJ-Semaine-21-114,1,1,1,1,1,0,0,20260910,20270702
SUB2627-SUB-PSJ-Semaine-21-0001000-114,0,0,0,1,0,0,0,20260910,20270702
SUB2627-SUB-PSJ-Semaine-21-1101100-354,1,1,0,1,1,0,0,20260910,20270702
SUB2627-SUB-PSJ-Semaine-21-156,1,1,1,1,1,0,0,20260910,20270702
SUB2627-SUB-PSJ-Semaine-21-0010000-156,0,0,1,0,0,0,0,20260910,20270702
SUB2627-SUB-PSJ-Semaine-21-1101100-156,1,1,0,1,1,0,0,20260910,20270702
SUB2627-SUB-PSJ-Semaine-21-0010000-161,0,0,1,0,0,0,0,20260910,20270702
SUB2627-SUB-PSJ-Semaine-21-161,1,1,1,1,1,0,0,20260910,20270702
SUB2627-SUB-PSJ-Semaine-21-0010000-132,0,0,1,0,0,0,0,20260910,20270702
SUB2627-SUB-PSJ-Semaine-21-0001000-112,0,0,0,1,0,0,0,20260910,20270702
SUB2627-SUB-PSJ-Semaine-21-112,1,1,1,1,1,0,0,20260910,20270702
SUB2627-SUB-PSJ-Semaine-21-0010000-112,0,0,1,0,0,0,0,20260910,20270702
SUB2627-SUB-PSJ-Semaine-21-1100100-112,1,1,0,0,1,0,0,20260910,20270702
SUB2627-SUB-PSJ-Semaine-21-0010000-182,0,0,1,0,0,0,0,20260910,20270702
SUB2627-SUB-PSJ-Semaine-21-1101100-182,1,1,0,1,1,0,0,20260910,20270702
SUB2627-SUB-PSJ-Semaine-21-182,1,1,1,1,1,0,0,20260910,20270702
SUB2627-SUB-PSJ-Semaine-21-0010000-205,0,0,1,0,0,0,0,20260910,20270702
SUB2627-SUB-PSJ-Semaine-21-0000100-205,0,0,0,0,1,0,0,20260910,20270702
SUB2627-SUB-PSJ-Semaine-21-1111000-205,1,1,1,1,0,0,0,20260910,20270702
SUB2627-SUB-PSJ-Semaine-21-1101100-205,1,1,0,1,1,0,0,20260910,20270702
SUB2627-SUB-PSJ-Semaine-21-158,1,1,1,1,1,0,0,20260910,20270702
SUB2627-SUB-PSJ-Semaine-21-0010000-146,0,0,1,0,0,0,0,20260910,20270702
SUB2627-SUB-PSJ-Semaine-21-1101100-146,1,1,0,1,1,0,0,20260910,20270702
SUB2627-SUB-PSJ-Semaine-21-146,1,1,1,1,1,0,0,20260910,20270702
SUB2627-SUB-PSJ-Semaine-21-1111000-202,1,1,1,1,0,0,0,20260910,20270702
SUB2627-SUB-PSJ-Semaine-21-1101100-202,1,1,0,1,1,0,0,20260910,20270702
SUB2627-SUB-PSJ-Semaine-21-0000100-202,0,0,0,0,1,0,0,20260910,20270702
SUB2627-SUB-PSJ-Semaine-21-0010000-202,0,0,1,0,0,0,0,20260910,20270702
SUB2627-SUB-PSJ-Semaine-21-1100100-106,1,1,0,0,1,0,0,20260910,20270702
SUB2627-SUB-PSJ-Semaine-21-0001000-106,0,0,0,1,0,0,0,20260910,20270702
SUB2627-SUB-PSJ-Semaine-21-106,1,1,1,1,1,0,0,20260910,20270702
SUB2627-SUB-PSJ-Semaine-21-0010000-106,0,0,1,0,0,0,0,20260910,20270702
SUB2627-SUB-PSJ-Semaine-21-1101100-352,1,1,0,1,1,0,0,20260910,20270702
SUB2627-SUB-PSJ-Semaine-21-302,1,1,1,1,1,0,0,20260910,20270702
SUB2627-SUB-PSJ-Semaine-21-1101100-355,1,1,0,1,1,0,0,20260910,20270702
SUB2627-SUB-PSJ-Semaine-21-1101100-149,1,1,0,1,1,0,0,20260910,20270702
SUB2627-SUB-PSJ-Semaine-21-1101100-158,1,1,0,1,1,0,0,20260910,20270702
SUB2627-SUB-PSJ-Semaine-21-0010000-158,0,0,1,0,0,0,0,20260910,20270702
SUB2627-SUB-PSJ-Semaine-21-0010000-122,0,0,1,0,0,0,0,20260910,20270702
SUB2627-SUB-PSJ-Semaine-21-122,1,1,1,1,1,0,0,20260910,20270702
SUB2627-SUB-PSJ-Semaine-21-1101100-122,1,1,0,1,1,0,0,20260910,20270702
SUB2627-SUB-PSJ-Semaine-21-1101100-159,1,1,0,1,1,0,0,20260910,20270702
SUB2627-SUB-PSJ-Semaine-21-159,1,1,1,1,1,0,0,20260910,20270702
SUB2627-SUB-PSJ-Semaine-21-0010000-159,0,0,1,0,0,0,0,20260910,20270702
SUB2627-SUB-PSJ-Semaine-21-102,1,1,1,1,1,0,0,20260910,20270702
SUB2627-SUB-PSJ-Semaine-21-0001000-102,0,0,0,1,0,0,0,20260910,20270702
SUB2627-SUB-PSJ-Semaine-21-0010000-102,0,0,1,0,0,0,0,20260910,20270702
SUB2627-SUB-PSJ-Semaine-21-1100100-102,1,1,0,0,1,0,0,20260910,20270702
SUB2627-SUB-PSJ-Semaine-21-143,1,1,1,1,1,0,0,20260910,20270702
SUB2627-SUB-PSJ-Semaine-21-0010000-143,0,0,1,0,0,0,0,20260910,20270702
SUB2627-SUB-PSJ-Semaine-21-1101100-143,1,1,0,1,1,0,0,20260910,20270702
SUB2627-SUB-PSJ-Semaine-21-0010000-142,0,0,1,0,0,0,0,20260910,20270702
